[0]
number = 0
name = Froggit
a = 3.3561946e-03
b = 2.5500050e-04
c = 2.5976258e-06
Rn = 99.645
