[0]
number = 0
name = Inkbird
a = 3.3552456e-03
b = 2.5608666e-04
c = 1.9317204e-06
Rn = 48.59
