[0]
number = 0
name = ACURITE
a = 3.3555291e-03
b = 2.5249073e-04
c = 2.5667292e-06
Rn = 50.21
