[0]
number = 0
name = ET-735
a = 3.3606088e-03
b = 1.9571582e-04
c = 9.0843356e-07
Rn = 1025.0
