[0]
number = 0
name = ET-735
a = 3.3566373e-03
b = 1.9664428e-04
c = 9.6248678e-07
Rn = 998.9
