[0]
number = 0
name = iGrill
a = 3.3562256e-03
b = 2.5070912e-04
c = 3.2836745e-06
Rn = 98.57
