[0]
number = 0
name = iGrill
a = 3.3598373e-03
b = 2.5080371e-04
c = 3.2836743e-06
Rn = 100
