[0]
number = 0
name = Maverick ET-72,73
a = 3.3566326e-03
b = 2.9233209e-04
c = 4.5056748e-06
Rn = 199.7
