[0]
number = 0
name = Fantast_Neu
a = 3.3564021e-03
b = 2.4406605e-04
c = 2.6173119e-06
Rn = 230.35
