[0]
number = 0
name = Maverick ET-732,733,735
a = 3.3562438e-03
b = 2.2411373e-04
c = 2.6102506e-06
Rn = 992.4
