[0]
number = 0
name = iGrill2
a = 3.3562424e-03
b = 2.5319218e-04
c = 2.7988397e-06
Rn = 99.61
