[0]
number = 0
name = ThermoWorks
a = 3.3556417e-03
b = 2.5191450e-04
c = 2.3606960e-06
Rn = 97.31
