[0]
number = 0
name = Bosch_HFM5
a = 3.4152250e-03
b = 3.0362396e-04
c = 2.9382555e-06
Rn = 2.42
