[0]
number = 0
name = 100K3950
a = 3.3527432e-03
b = 2.5977101e-04
c = 3.6934249e-06
Rn = 100.0
