[0]
number = 0
name = MF52-103_B3435
a = 3.3544131e-03
b = 2.9513804e-04
c = 5.6664944e-06
Rn = 10.0
