[0]
number = 0
name = PERFEKTION
a = 3.3561990e-03
b = 2.4352911e-04
c = 3.4519389e-06
Rn = 200.1
