[0]
number = 0
name = Santos
a = 3.3561093e-03
b = 2.3552814e-04
c = 2.1375541e-06
Rn = 200.82
