[0]
number = 0
name = Cappec
a = 3.3563037e-03
b = 2.5345956e-04
c = 2.8756894e-06
Rn = 100.68
