[0]
number = 0
name = ODC
a = 3.3538614e-03
b = 2.2352517e-04
c = 2.4382337e-06
Rn = 1000
