[0]
number = 0
name = ODC
a = 3.3556427e-03
b = 2.2356403e-04
c = 2.4382337e-06
Rn = 1008.0
