[0]
number = 0
name = Weber_6743
a = 3.3558796e-03
b = 2.7111149e-04
c = 3.1838428e-06
Rn = 102.315
