[0]
number = 0
name = 100K6A1B
a = 3.3563889e-03
b = 2.4111606e-04
c = 2.4336183e-06
Rn = 100.0
