[0]
number = 0
name = MAVERICK
a = 3.3552703e-03
b = 2.2235808e-04
c = 2.6520160e-06
Rn = 1000
