[0]
number = 0
name = MAVERICK
a = 3.3561580e-03
b = 2.2237925e-04
c = 2.6520160e-06
Rn = 1004.0
