[0]
number = 0
name = 5K3A1B
a = 3.3565106e-03
b = 2.5776158e-04
c = 2.3643279e-06
Rn = 5.0
