[0]
number = 0
name = FANTAST
a = 3.3558340e-03
b = 2.5698192e-04
c = 1.6391056e-06
Rn = 50.08
